CARDS Sunflower Peashooter TallNut SnowPea WallNut RepeaterPeaShooter 
CTIMES 0 0 0 0 0 0 
SCORE 175
ZOMBIE NormalZombie 2 1.319157 100 105.532524 253.000000
ZOMBIE NormalZombie 3 1.391215 100 111.297164 349.000000
ZOMBIE NormalZombie 1 4.227685 100 338.214768 169.000000
ZOMBIE NormalZombie 4 1.531259 100 122.500684 437.000000
ZOMBIE ConeheadZombie 1 4.375360 150 350.028768 169.000000
ZOMBIE ConeheadZombie 4 1.675793 150 134.063404 437.000000
ZOMBIE ConeheadZombie 1 4.264125 150 341.129986 169.000000
ZOMBIE NormalZombie 4 1.815913 100 145.273004 437.000000
ZOMBIE NormalZombie 1 4.331876 100 346.550066 169.000000
ZOMBIE NormalZombie 0 1.955977 100 156.478124 75.000000
ZOMBIE NormalZombie 1 4.327822 100 346.225746 169.000000
ZOMBIE NormalZombie 1 4.332000 100 346.559986 169.000000
ZOMBIE ConeheadZombie 4 2.168002 150 173.440124 437.000000
ZOMBIE ConeheadZombie 4 2.235766 150 178.861244 437.000000
ZOMBIE NormalZombie 0 2.307977 100 184.638124 75.000000
ZOMBIE ConeheadZombie 3 5.079931 150 406.394444 349.000000
ZOMBIE NormalZombie 0 5.147982 100 411.838524 75.000000
ZOMBIE ConeheadZombie 2 5.219888 150 417.591004 253.000000
ZOMBIE ConeheadZombie 1 5.291697 150 423.335724 169.000000
ZOMBIE ConeheadZombie 3 5.359721 150 428.777644 349.000000
ZOMBIE ConeheadZombie 4 5.427896 150 434.231644 437.000000
ZOMBIE NormalZombie 3 5.499761 100 439.980844 349.000000
ZOMBIE ScreenDoorZombie 1 5.567991 150 445.439244 169.000000
ZOMBIE ScreenDoorZombie 0 5.579824 150 446.385884 75.000000
ZOMBIE NormalZombie 0 5.651721 100 452.137686 75.000000
ZOMBIE ConeheadZombie 2 5.723986 150 457.918910 253.000000
ZOMBIE ScreenDoorZombie 4 5.788031 150 463.042454 437.000000
ZOMBIE NormalZombie 3 5.863700 100 469.096024 349.000000
ZOMBIE ConeheadZombie 4 5.927972 150 474.237734 437.000000
ZOMBIE ConeheadZombie 1 5.999765 150 479.981180 169.000000
ZOMBIE ConeheadZombie 0 6.067831 150 485.426486 75.000000
ZOMBIE NormalZombie 1 8.843905 100 707.512380 169.000000
ZOMBIE ScreenDoorZombie 0 8.912151 150 712.972100 75.000000
ZOMBIE ScreenDoorZombie 0 8.983817 150 718.705332 75.000000
ZOMBIE ConeheadZombie 4 9.055959 150 724.476692 437.000000
ZOMBIE ScreenDoorZombie 4 9.123916 150 729.913266 437.000000
ZOMBIE ConeheadZombie 4 9.195921 150 735.673676 437.000000
ZOMBIE ConeheadZombie 3 9.263964 150 741.117126 349.000000
GR -1 -1 -1 -1 -1 -1 -1 -1 -1 -1 
STARTATTACK 57949
TIME 60000
currentP 4
